      0/49     3.77G   0.02086   0.01567   0.00116   0.03769        10       640         0         0         0         0         0         0         0
      1/49     3.86G   0.02099   0.01538  0.001189   0.03756         5       640         0         0         0         0         0         0         0
      2/49     3.86G   0.02149   0.01573  0.001228   0.03845         8       640         0         0         0         0         0         0         0
      3/49     3.86G   0.02331   0.01503  0.001246   0.03958         7       640    0.5522    0.8053    0.7926    0.5005   0.02675   0.02192  0.002517
      4/49     4.26G   0.02466   0.01517  0.001279   0.04111        18       640    0.6015    0.7751    0.7695     0.497   0.02788   0.02204  0.003189
      5/49      7.8G    0.0277   0.01582  0.001569   0.04509        27       640    0.5653    0.7454    0.7301    0.4509   0.02835   0.02253  0.003799
      6/49      7.8G   0.02864   0.01639  0.001708   0.04674         5       640    0.5544    0.7644    0.7618    0.4867   0.02669   0.02216  0.003075
      7/49      7.8G   0.02727   0.01607  0.001688   0.04503         4       640    0.5265    0.8265    0.7697    0.4776   0.02705   0.02195  0.003168
      8/49      7.8G   0.02643   0.01685  0.001747   0.04503         4       640    0.4468      0.74    0.7252    0.4344   0.02855   0.02175  0.003841
      9/49      7.8G    0.0289   0.01826  0.001713   0.04887         7       640    0.5575    0.7488    0.7572    0.4724   0.02864   0.02151   0.00348
     10/49     7.81G   0.02791   0.01615  0.001917   0.04597         6       640    0.5255    0.8359    0.7868    0.4893   0.02761   0.02137  0.002638
     11/49     7.81G   0.02668   0.01745  0.001637   0.04577        18       640    0.5233     0.847    0.7905    0.4885   0.02726    0.0211  0.002272
     12/49     7.81G    0.0275   0.01725  0.001812   0.04657         4       640    0.5529    0.8349    0.8064    0.4952   0.02824   0.02203  0.002311
     13/49     7.81G   0.02706   0.01687  0.001787   0.04572         2       640    0.5438    0.8242    0.7976     0.502   0.02661    0.0221  0.002917
     14/49     7.81G    0.0255   0.01614  0.001843   0.04349        23       640    0.4747     0.848    0.7651    0.4894   0.02718     0.022  0.002441
     15/49     7.81G   0.02478   0.01653  0.001492    0.0428        14       640     0.565    0.8037    0.7613    0.4892   0.02666   0.02172  0.002835
     16/49     7.81G   0.02657   0.01714  0.001665   0.04537         7       640    0.5441    0.8143    0.7916    0.5249   0.02686   0.02229  0.002696
     17/49     7.81G   0.02555   0.01721  0.001684   0.04443        13       640    0.5552    0.8214       0.8    0.5292   0.02655   0.02161  0.002838
     18/49     7.81G   0.02467   0.01687   0.00167   0.04321         2       640    0.5605    0.8198    0.7862    0.5146   0.02563   0.02188  0.002742
     19/49     7.81G   0.02458   0.01691  0.001515     0.043         8       640      0.55    0.7743    0.7459    0.4711   0.02649   0.02199  0.003594
     20/49     7.81G   0.02535   0.01653  0.001647   0.04352        18       640    0.5924    0.8187    0.7829    0.5097    0.0271   0.02192  0.002798
     21/49     7.81G   0.02342    0.0162  0.001454   0.04108        14       640    0.5852    0.7682     0.761    0.4996   0.02648   0.02187  0.003512
     22/49     7.81G   0.02459   0.01676  0.001439   0.04279         9       640    0.5172    0.8114    0.7638    0.4919   0.02563   0.02158  0.003441
     23/49     7.81G   0.02321   0.01584  0.001478   0.04054         6       640    0.5213    0.7836    0.7592    0.4938   0.02583   0.02227  0.003656
     24/49     7.81G   0.02222    0.0155  0.001453   0.03917        11       640    0.5678    0.8198     0.789    0.4986   0.02603   0.02304  0.003329
     25/49     7.81G   0.02355   0.01671  0.001351   0.04161        22       640    0.6165    0.7777    0.7786    0.5068   0.02529   0.02167  0.002828
     26/49     7.81G   0.02342   0.01663  0.001416   0.04147         9       640    0.5664    0.8209    0.7946    0.5237   0.02551   0.02159  0.002363
     27/49     7.81G   0.02223   0.01525  0.001347   0.03883        26       640    0.5605    0.8041    0.7859    0.5095   0.02557   0.02125  0.002914
     28/49     7.81G    0.0229   0.01627  0.001307   0.04047         6       640    0.5757    0.7638    0.7624    0.5034   0.02547   0.02158  0.002782
     29/49     7.81G   0.02259   0.01639  0.001338   0.04032        17       640    0.5938    0.8187     0.798    0.5262   0.02502   0.02168  0.002351
     30/49     7.81G   0.02288   0.01748  0.001433   0.04179        13       640    0.6308    0.8121    0.8012    0.5302   0.02563   0.02234  0.002741
     31/49     7.81G   0.02275   0.01597  0.001299   0.04002        14       640    0.6108    0.7998    0.7882    0.5135   0.02553   0.02228  0.002996
     32/49     7.81G     0.022   0.01551  0.001343   0.03886        20       640    0.5753    0.8108    0.8012    0.5257   0.02519   0.02162  0.002651
     33/49     7.81G   0.02175   0.01643  0.001365   0.03954        15       640    0.5881    0.8412    0.8048    0.5325   0.02447    0.0211  0.002661
     34/49     7.81G   0.02211   0.01592   0.00127    0.0393        29       640    0.5354    0.8525    0.8081    0.5407   0.02509   0.02198   0.00256
     35/49     7.81G   0.02186   0.01643  0.001257   0.03954         2       640    0.5948    0.8531    0.8096     0.531   0.02484   0.02171  0.002784
     36/49     7.81G   0.02181   0.01545  0.001357   0.03861        10       640    0.5797    0.8874    0.8185    0.5243   0.02498   0.02158  0.001883
     37/49     7.81G   0.02114   0.01592   0.00099   0.03805         1       640     0.597    0.8045    0.7972    0.5206   0.02523   0.02146  0.002433
     38/49     7.81G   0.02212   0.01649  0.001219   0.03983        13       640    0.5787    0.8263    0.8104    0.5216   0.02528   0.02123  0.002124
     39/49     7.81G    0.0214   0.01586  0.001222   0.03848        15       640    0.5935     0.832    0.7809    0.5111   0.02529   0.02165  0.003045
     40/49     7.81G   0.02175   0.01645  0.001298   0.03949        20       640    0.5809    0.7854    0.7554    0.5018   0.02488   0.02121  0.003353
     41/49     7.81G   0.02184    0.0158   0.00114   0.03878        11       640    0.6047    0.8253    0.7684    0.5053   0.02507   0.02143  0.003218
     42/49     7.81G   0.02174   0.01596  0.001314   0.03901        11       640    0.6083    0.8108    0.7738    0.5075   0.02489   0.02128  0.002718
     43/49     7.81G   0.02193   0.01559  0.001258   0.03878        21       640    0.6259    0.8092    0.7957    0.5204   0.02528   0.02146  0.002486
     44/49     7.81G   0.02243   0.01654  0.001289   0.04026         3       640     0.615    0.7575    0.7902    0.5327   0.02486    0.0213  0.002871
     45/49     3.95G   0.02068   0.01552  0.001104   0.03731        10       640    0.6117    0.8147    0.7911    0.5229   0.02472   0.02083   0.00238
     46/49     3.96G   0.02045    0.0151  0.001072   0.03661         5       640    0.6227    0.7809    0.7828    0.5177   0.02497   0.02157  0.002576
     47/49      7.5G   0.02025   0.01505  0.001063   0.03636         8       640    0.6236     0.799    0.7745    0.5123   0.02481   0.02182  0.002575
     48/49      7.5G    0.0194   0.01363 0.0009193   0.03395         7       640    0.6156    0.7715    0.7777    0.5156   0.02519   0.02227  0.002648
     49/49      7.5G   0.01881   0.01308 0.0007518   0.03264        18       640    0.6513    0.7643    0.7772    0.5205   0.02493   0.02302  0.002455
